100 4950 19708 4950 20735 4950 20409 4950 20810 4950 21518 4950 20930 4950 19492 4950 18066 4950 18142 4950 19869 4950 21635 4950 22049 4950 21655 4950 23074 4950 22670 4950 34343 4950 33823 4950 34180 4950 33693 4950 32424 4950 33894 4950 34563 4950 34538 4950 33700 4950 52496 4950 54886 4950 32393 4950 35284 4950 32604 4950 31727 4950 34537 4950 33798 4950 34513 4950 37088 4950 35162 4950 36897 4950 35460 4950 32344 4950 36885 4950 36322
200 19900 126594 19900 138050 19900 127370 19900 138955 19900 137219 19900 136801 19900 135355 19900 138602 19900 133013 19900 141734 19900 218507 19900 119829 19900 116880 19900 122653 19900 128831 19900 119819 19900 129733 19900 124334 19900 129609 19900 130372 19900 166323 19900 132878 19900 137598 19900 290138 19900 69212 19900 64619 19900 106253 19900 83663 19900 70739 19900 74210 19900 76956 19900 82858 19900 79293 19900 71899 19900 72651 19900 77941 19900 82479 19900 96096 19900 91967 19900 77361
300 44850 140587 44850 151570 44850 150933 44850 143918 44850 163224 44850 139973 44850 163867 44850 142727 44850 169112 44850 205935 44850 142033 44850 163132 44850 142328 44850 243503 44850 153626 44850 143536 44850 168743 44850 145112 44850 157630 44850 162485 44850 169920 44850 148236 44850 153661 44850 177764 44850 160369 44850 150064 44850 152740 44850 173463 44850 176413 44850 145769 44850 186671 44850 146822 44850 167331 44850 154019 44850 163928 44850 134646 44850 122491 44850 141825 44850 130211 44850 123573
400 79800 314658 79800 351444 79800 194353 79800 237685 79800 201229 79800 198328 79800 230536 79800 224987 79800 220426 79800 210583 79800 198726 79800 213234 79800 217824 79800 198542 79800 214501 79800 199006 79800 199145 79800 220269 79800 204823 79800 199422 79800 219326 79800 203911 79800 211038 79800 219904 79800 208494 79800 211595 79800 207429 79800 211713 79800 259840 79800 248729 79800 281313 79800 304553 79800 272392 79800 238177 79800 288761 79800 266323 79800 254516 79800 270873 79800 246080 79800 229496
500 124750 294955 124750 295992 124750 287264 124750 381645 124750 304506 124750 328660 124750 279932 124750 304665 124750 296337 124750 313623 124750 306896 124750 290909 124750 314454 124750 310036 124750 300739 124750 369063 124750 299066 124750 296648 124750 283251 124750 301298 124750 306531 124750 290822 124750 298562 124750 334962 124750 288382 124750 288842 124750 301878 124750 292045 124750 340131 124750 292107 124750 310287 124750 303423 124750 308420 124750 303831 124750 305093 124750 311278 124750 300069 124750 304618 124750 310122 124750 290578
600 179700 397872 179700 403477 179700 398749 179700 408346 179700 391065 179700 395389 179700 396935 179700 420484 179700 414535 179700 410070 179700 392047 179700 390293 179700 425566 179700 419525 179700 390992 179700 401891 179700 397251 179700 400279 179700 397436 179700 403235 179700 396146 179700 406872 179700 404622 179700 390538 179700 405322 179700 395719 179700 405188 179700 410385 179700 392792 179700 429236 179700 410993 179700 402690 179700 396808 179700 396145 179700 394304 179700 388208 179700 384897 179700 411664 179700 393731 179700 425246
700 244650 491256 244650 502302 244650 494281 244650 530891 244650 487890 244650 520287 244650 505940 244650 535123 244650 522098 244650 526138 244650 510797 244650 509862 244650 497134 244650 507484 244650 528417 244650 513400 244650 505815 244650 515926 244650 519010 244650 509299 244650 495039 244650 506611 244650 496437 244650 490998 244650 491118 244650 507942 244650 554893 244650 547914 244650 517668 244650 568217 244650 493300 244650 660621 244650 1037979 244650 506003 244650 509844 244650 482505 244650 513063 244650 513173 244650 539517 244650 513463
800 319600 628887 319600 628834 319600 628473 319600 629484 319600 674704 319600 634929 319600 654160 319600 638211 319600 639545 319600 626458 319600 630105 319600 631651 319600 679138 319600 627803 319600 607331 319600 629459 319600 665578 319600 605002 319600 634166 319600 630278 319600 635269 319600 620852 319600 628691 319600 622634 319600 612396 319600 631847 319600 643817 319600 657521 319600 620104 319600 700813 319600 658763 319600 624999 319600 643695 319600 618254 319600 644393 319600 619535 319600 619701 319600 628009 319600 624438 319600 651112
900 404550 758138 404550 831072 404550 746994 404550 767293 404550 753581 404550 754574 404550 748277 404550 743241 404550 813517 404550 786482 404550 768227 404550 1062778 404550 746923 404550 756460 404550 771515 404550 804247 404550 746618 404550 755216 404550 770858 404550 782327 404550 766839 404550 746470 404550 851069 404550 993478 404550 991303 404550 961834 404550 993071 404550 1100229 404550 993224 404550 973025 404550 943977 404550 1000558 404550 933982 404550 990156 404550 964345 404550 977260 404550 923972 404550 953672 404550 950170 404550 961363
1000 499500 898456 499500 928396 499500 895924 499500 910796 499500 911923 499500 952139 499500 913968 499500 883111 499500 1054150 499500 1306720 499500 1123251 499500 1173511 499500 1121402 499500 1203788 499500 877308 499500 1103330 499500 1136534 499500 1164450 499500 1151197 499500 1176129 499500 1116856 499500 1290648 499500 1194924 499500 1152785 499500 1183873 499500 1193368 499500 1156964 499500 1198013 499500 1132817 499500 1197554 499500 1202008 499500 1143126 499500 1203392 499500 1145808 499500 1216251 499500 1129504 499500 1198065 499500 1021041 499500 959334 499500 948644
1100 604450 1062273 604450 1111886 604450 1064945 604450 1092005 604450 1073329 604450 1091690 604450 1086427 604450 1043772 604450 1034414 604450 1102906 604450 1026485 604450 1036030 604450 1120167 604450 1035154 604450 1076046 604450 1045450 604450 1028642 604450 1076065 604450 1035767 604450 1055864 604450 1089371 604450 1030510 604450 1135408 604450 1103657 604450 1063838 604450 1075015 604450 1121068 604450 1125400 604450 1088437 604450 1156448 604450 1082194 604450 1098100 604450 1026542 604450 1023697 604450 1059446 604450 1152396 604450 1033679 604450 1027151 604450 1012656 604450 1095182
1200 719400 1263175 719400 1197249 719400 1459312 719400 1313447 719400 1265314 719400 1223301 719400 1300257 719400 1248470 719400 1206779 719400 1225845 719400 1239497 719400 1237541 719400 1256690 719400 1464138 719400 1421731 719400 1246986 719400 1235932 719400 1283666 719400 1217142 719400 1226201 719400 1216415 719400 1264770 719400 1255018 719400 1248362 719400 1279014 719400 1247155 719400 1246232 719400 1262920 719400 1263650 719400 1204177 719400 1923005 719400 1201099 719400 1197715 719400 1222798 719400 1224604 719400 1227571 719400 1288974 719400 1174759 719400 1294306 719400 1154651
