100 652 6948 523 5316 668 5650 638 7405 658 5246 676 5712 660 5192 613 5124 563 4914 602 4767 698 5678 692 6283 661 5903 557 5972 620 6159 836 10277 744 8568 684 7932 631 7062 547 37783 585 7966 677 7872 598 30660 604 28497 653 7261 651 8321 615 8756 596 8012 799 8013 754 7551 608 7656 567 6933 600 7560 669 7570 720 8046 621 7751 589 7399 687 7878 631 7852 645 7667
200 1482 18018 1582 17641 1629 16602 1749 16151 1516 16279 1671 16347 1624 16520 1436 17088 1534 60728 1651 17996 1469 51713 1475 19210 1348 17219 1593 16600 1684 16850 1887 16595 1598 16398 1727 16096 1346 18236 1473 16802 1584 16500 1578 16968 1596 15857 1664 16561 1420 13906 1615 13565 1558 10385 1533 13556 1544 14895 1637 14567 1555 14004 1561 13814 1475 14867 1481 13371 1767 14266 1660 14015 1475 13045 1490 13455 1506 14151 1483 14826
300 2244 21748 2409 21833 2344 21888 2649 22127 2483 22786 2722 23270 2666 21356 2768 22329 2744 22860 2465 20720 2708 22316 2329 23282 2625 22234 2455 21422 3078 22369 2566 21306 2747 22281 2430 23634 2488 22337 2828 22241 2822 24184 2643 21972 2473 22669 2539 21953 2954 22425 2649 23444 2594 22563 2409 21537 2330 21210 2379 22781 2432 21848 2438 21900 2374 21359 2883 21948 2450 21647 2737 37068 2319 17786 2518 17755 2544 17250 2905 17457
400 4036 23661 3675 25257 4601 24493 3654 23156 3523 29235 3553 23832 3521 22971 3899 23344 3636 22716 3368 24072 3465 23142 3747 22943 3489 23385 3709 22476 3479 22768 3959 22591 3708 23002 3450 23807 3945 23237 3735 23266 3422 23389 4187 23548 3357 23043 3450 23947 3274 23113 3921 23987 3986 23437 3658 23350 4035 29354 3821 30499 3650 30555 3581 30570 3498 32643 3563 32366 3608 32904 3805 31491 3509 28538 3760 33557 3504 32472 3257 30710
500 4660 30935 4357 30558 4780 30759 5323 29277 4953 29662 4437 30680 4812 29481 4886 30115 4453 29293 5038 30272 4770 29867 5094 30225 4653 30430 4815 30125 4602 28984 4499 30589 4976 34013 4898 31176 4957 29430 5541 29748 4915 28972 4537 30838 4558 30794 4928 30249 4230 31143 4924 31052 5086 29900 4670 30842 4965 28486 4579 30541 4711 30276 4338 32013 5235 40475 4733 30311 4848 29937 5360 29771 4636 29323 4741 29990 4710 29484 4341 30081
600 5592 42212 5280 44294 5554 36304 5665 49850 6608 35917 5903 36534 5619 36233 7637 36685 6058 36661 6773 35692 6236 35927 6074 37812 6181 37010 6560 35885 6914 35542 5521 36230 6223 35189 6153 37334 6519 35945 7044 36374 5680 39207 5861 37879 5671 36392 6605 36672 5481 36603 5731 35856 5927 35918 5482 35904 6481 36981 5919 36458 5778 37582 6264 36951 6153 35977 5823 35934 5751 36505 6265 36835 5885 35576 5948 96634 5958 46789 6183 37138
700 6922 54144 6607 42373 6880 42517 7900 43022 7288 43749 7392 41818 7200 41501 6889 42207 7191 42915 7225 44096 7087 42209 8089 43020 6641 44767 7468 43902 7032 42659 7033 44241 7531 42805 6625 43736 6827 42312 7019 43183 7225 43155 6719 43234 7127 43349 6747 43561 7024 44586 8434 55684 7593 41017 6841 43975 6941 49386 6715 51480 7081 46926 7234 46677 7458 77365 7790 48700 7203 43707 7003 43664 6962 44083 6939 44388 6752 43440 7204 43457
800 7946 51546 8170 50701 8269 51351 8369 61291 8869 51242 8796 51652 8774 49737 8312 49226 8070 48962 8065 49245 9963 50843 8066 48686 7508 61824 7653 50148 9559 48184 8387 48111 8258 50801 8910 49836 8449 58044 8014 48983 8417 50522 8225 49698 8206 50665 8867 50305 9283 50512 8042 50317 7738 50281 9419 91911 8458 50883 7906 50785 8134 53777 8014 49584 8128 49734 7649 49553 8229 49274 8009 48812 7741 49926 8519 50671 8274 50466 8078 50394
900 10082 57744 10185 54833 10173 56583 10082 54227 9683 57202 8738 58168 9832 58647 9032 55748 9948 66185 8943 59141 9409 67489 9475 56004 10300 58912 9378 56401 9626 56868 9581 54194 9297 58567 9192 58027 9323 56591 10733 55764 9556 65582 9201 57895 9759 57485 10578 77964 9703 73238 9678 74926 9330 74962 9806 76688 9662 78875 9695 74206 10115 76052 9935 72399 9888 75598 9480 76487 11102 77098 9243 75675 10383 77709 11291 75016 9575 76519 9973 76844
1000 10861 84783 11211 63990 10490 65321 10811 64080 10253 62633 10637 65309 11556 63256 11114 65226 11802 66129 10672 65806 10829 79703 11615 82953 10748 83778 10433 84996 10213 67671 10752 63948 11353 86633 10921 99296 10419 82818 10359 83423 10979 84591 10808 81348 10773 83016 10461 83405 10295 80606 12729 81982 10268 81868 11155 108217 10727 82175 10885 101952 10984 87986 11395 88428 12475 86578 10187 84253 12187 78760 10347 86802 11792 84850 11863 67718 10254 68383 11355 65888
1100 12395 73538 13554 76178 11534 70606 14234 70415 11530 70990 13825 72857 12225 73613 12080 70502 12919 69741 12208 69114 12694 70181 12312 71355 11927 69870 12580 72475 13590 69690 11115 72523 12798 68783 11928 68069 12318 71589 12283 89169 12397 71710 12417 71439 11635 70555 13512 68028 13134 69536 11655 71297 12515 71051 12472 69893 13142 72222 12942 72559 11634 71194 12057 70000 11576 70831 11434 71660 11998 70616 12179 70947 12905 69034 11776 67514 13030 72568 11301 71008
1200 13400 82823 12985 78659 15011 76708 12280 91822 12567 80824 13175 79830 14604 79450 13061 104735 13335 79137 12801 76748 13384 78690 14182 84096 13972 79038 14328 82707 13580 89594 12791 82515 15539 78045 14464 77918 13155 76141 14961 76799 14280 74759 13278 79221 13562 79183 13079 78959 12708 77127 13296 78483 12667 77903 12859 77696 12668 77443 13288 78904 14603 79325 14182 82755 13443 77917 13394 78603 13123 77236 17470 86917 14819 76386 13170 77491 13317 76462 13419 81472
